{
  "concept": "water",
  "context_template": "I drink {word}.",
  "labels": [
    "spa_Latn",
    "fra_Latn",
    "deu_Latn",
    "rus_Cyrl",
    "pol_Latn",
    "hin_Deva",
    "pes_Arab",
    "ell_Grek",
    "zho_Hans",
    "jpn_Jpan",
    "kor_Hang",
    "arb_Arab",
    "heb_Hebr",
    "tur_Latn",
    "vie_Latn",
    "tha_Thai",
    "ind_Latn",
    "tgl_Latn",
    "swh_Latn",
    "yor_Latn",
    "fin_Latn",
    "tam_Taml",
    "tel_Telu",
    "amh_Ethi",
    "kaz_Cyrl",
    "afr_Latn",
    "lit_Latn",
    "gle_Latn",
    "als_Latn"
  ],
  "language_ids": [
    "spa_Latn",
    "fra_Latn",
    "deu_Latn",
    "rus_Cyrl",
    "pol_Latn",
    "hin_Deva",
    "pes_Arab",
    "ell_Grek",
    "zho_Hans",
    "jpn_Jpan",
    "kor_Hang",
    "arb_Arab",
    "heb_Hebr",
    "tur_Latn",
    "vie_Latn",
    "tha_Thai",
    "ind_Latn",
    "tgl_Latn",
    "swh_Latn",
    "yor_Latn",
    "fin_Latn",
    "tam_Taml",
    "tel_Telu",
    "amh_Ethi",
    "kaz_Cyrl",
    "afr_Latn",
    "lit_Latn",
    "gle_Latn",
    "als_Latn"
  ],
  "translations": [
    {
      "lang": "spa_Latn",
      "text": "agua",
      "word": "agua"
    },
    {
      "lang": "fra_Latn",
      "text": "eau",
      "word": "eau"
    },
    {
      "lang": "deu_Latn",
      "text": "Wasser",
      "word": "Wasser"
    },
    {
      "lang": "rus_Cyrl",
      "text": "\u0432\u043e\u0434\u0430",
      "word": "\u0432\u043e\u0434\u0430"
    },
    {
      "lang": "pol_Latn",
      "text": "woda",
      "word": "woda"
    },
    {
      "lang": "hin_Deva",
      "text": "\u092a\u093e\u0928\u0940",
      "word": "\u092a\u093e\u0928\u0940"
    },
    {
      "lang": "pes_Arab",
      "text": "\u0622\u0628",
      "word": "\u0622\u0628"
    },
    {
      "lang": "ell_Grek",
      "text": "\u03bd\u03b5\u03c1\u03cc",
      "word": "\u03bd\u03b5\u03c1\u03cc"
    },
    {
      "lang": "zho_Hans",
      "text": "\u6c34",
      "word": "\u6c34"
    },
    {
      "lang": "jpn_Jpan",
      "text": "\u6c34",
      "word": "\u6c34"
    },
    {
      "lang": "kor_Hang",
      "text": "\ubb3c",
      "word": "\ubb3c"
    },
    {
      "lang": "arb_Arab",
      "text": "\u0645\u0627\u0621",
      "word": "\u0645\u0627\u0621"
    },
    {
      "lang": "heb_Hebr",
      "text": "\u05de\u05d9\u05dd",
      "word": "\u05de\u05d9\u05dd"
    },
    {
      "lang": "tur_Latn",
      "text": "su",
      "word": "su"
    },
    {
      "lang": "vie_Latn",
      "text": "n\u01b0\u1edbc",
      "word": "n\u01b0\u1edbc"
    },
    {
      "lang": "tha_Thai",
      "text": "\u0e19\u0e49\u0e33",
      "word": "\u0e19\u0e49\u0e33"
    },
    {
      "lang": "ind_Latn",
      "text": "air",
      "word": "air"
    },
    {
      "lang": "tgl_Latn",
      "text": "tubig",
      "word": "tubig"
    },
    {
      "lang": "swh_Latn",
      "text": "maji",
      "word": "maji"
    },
    {
      "lang": "yor_Latn",
      "text": "omi",
      "word": "omi"
    },
    {
      "lang": "fin_Latn",
      "text": "vesi",
      "word": "vesi"
    },
    {
      "lang": "tam_Taml",
      "text": "\u0ba8\u0bc0\u0bb0\u0bcd",
      "word": "\u0ba8\u0bc0\u0bb0\u0bcd"
    },
    {
      "lang": "tel_Telu",
      "text": "\u0c28\u0c40\u0c30\u0c41",
      "word": "\u0c28\u0c40\u0c30\u0c41"
    },
    {
      "lang": "amh_Ethi",
      "text": "\u12cd\u1203",
      "word": "\u12cd\u1203"
    },
    {
      "lang": "kaz_Cyrl",
      "text": "\u0441\u0443",
      "word": "\u0441\u0443"
    },
    {
      "lang": "afr_Latn",
      "text": "water",
      "word": "water"
    },
    {
      "lang": "lit_Latn",
      "text": "vanduo",
      "word": "vanduo"
    },
    {
      "lang": "gle_Latn",
      "text": "uisce",
      "word": "uisce"
    },
    {
      "lang": "als_Latn",
      "text": "uj\u00eb",
      "word": "uj\u00eb"
    }
  ],
  "embedding_points": [
    {
      "label": "spa_Latn",
      "x": 0.7276718311736645,
      "y": 0.03565124151523491,
      "z": 1.0011969099016795,
      "family": "IE: Romance"
    },
    {
      "label": "fra_Latn",
      "x": 0.9114968654494566,
      "y": -0.17813210098960386,
      "z": 0.6790680170677954,
      "family": "IE: Romance"
    },
    {
      "label": "deu_Latn",
      "x": 0.9840764398595634,
      "y": 0.3547933419221756,
      "z": 0.332115821807363,
      "family": "IE: Germanic"
    },
    {
      "label": "rus_Cyrl",
      "x": 0.4831208266963669,
      "y": -0.41819103969796706,
      "z": 0.3672434467813759,
      "family": "IE: Slavic"
    },
    {
      "label": "pol_Latn",
      "x": 0.8212633358023478,
      "y": -1.077877844943321,
      "z": 0.1094360766144199,
      "family": "IE: Slavic"
    },
    {
      "label": "hin_Deva",
      "x": -1.141545444686693,
      "y": -0.07366729008767448,
      "z": 0.4009369892832031,
      "family": "IE: Indo-Iranian"
    },
    {
      "label": "pes_Arab",
      "x": 0.6397011817864362,
      "y": -0.587866187929954,
      "z": -0.14671444809571932,
      "family": "IE: Indo-Iranian"
    },
    {
      "label": "ell_Grek",
      "x": 0.34345488915123035,
      "y": -0.22602886358134144,
      "z": 0.9489110214044367,
      "family": "IE: Hellenic"
    },
    {
      "label": "zho_Hans",
      "x": -1.200999678407672,
      "y": -0.26537460420882064,
      "z": -0.2317578764946342,
      "family": "Sino-Tibetan"
    },
    {
      "label": "jpn_Jpan",
      "x": -2.280846962860556,
      "y": 0.3318358946369777,
      "z": 0.5675116735981569,
      "family": "Japonic & Koreanic"
    },
    {
      "label": "kor_Hang",
      "x": -1.4389689251850524,
      "y": -0.1402058254266053,
      "z": 0.3328114002404394,
      "family": "Japonic & Koreanic"
    },
    {
      "label": "arb_Arab",
      "x": 0.7028243700173791,
      "y": 0.04674661858933471,
      "z": 0.34934975199605134,
      "family": "Afro-Asiatic"
    },
    {
      "label": "heb_Hebr",
      "x": 0.49577027340180413,
      "y": 0.0018105015954663628,
      "z": 0.9611766507019568,
      "family": "Afro-Asiatic"
    },
    {
      "label": "tur_Latn",
      "x": -0.11858378599419295,
      "y": -0.9227912007949063,
      "z": 0.48304521742090145,
      "family": "Turkic"
    },
    {
      "label": "vie_Latn",
      "x": 0.7856480771930827,
      "y": -0.8885585367081587,
      "z": -1.06188593434706,
      "family": "Austroasiatic"
    },
    {
      "label": "tha_Thai",
      "x": -0.2267637822569406,
      "y": -0.9482337487089446,
      "z": -1.5951443261390719,
      "family": "Tai-Kadai"
    },
    {
      "label": "ind_Latn",
      "x": 0.7301961961086856,
      "y": 0.003979867427824302,
      "z": -0.14774046308816802,
      "family": "Austronesian"
    },
    {
      "label": "tgl_Latn",
      "x": 0.8354627018698846,
      "y": 0.4065830308497276,
      "z": -0.0531660923427798,
      "family": "Austronesian"
    },
    {
      "label": "swh_Latn",
      "x": 0.21942378398724305,
      "y": 1.6077326072501568,
      "z": -0.9592711161845846,
      "family": "Niger-Congo"
    },
    {
      "label": "yor_Latn",
      "x": 0.3111230940507981,
      "y": 2.336555239122325,
      "z": -1.283081846522821,
      "family": "Niger-Congo"
    },
    {
      "label": "fin_Latn",
      "x": 0.7228131983635011,
      "y": -0.5758157294040183,
      "z": -0.2864697346295697,
      "family": "Uralic"
    },
    {
      "label": "tam_Taml",
      "x": -2.203409777881071,
      "y": -0.6809487148208004,
      "z": 0.40532973191288346,
      "family": "Dravidian"
    },
    {
      "label": "tel_Telu",
      "x": -1.1757648897863577,
      "y": -0.5505035127002409,
      "z": -0.6062063218062117,
      "family": "Dravidian"
    },
    {
      "label": "amh_Ethi",
      "x": -0.7972549858723408,
      "y": 1.3243486377742126,
      "z": -0.45358712505643,
      "family": "Afro-Asiatic"
    },
    {
      "label": "kaz_Cyrl",
      "x": -0.8702230932281729,
      "y": 0.5612006786571417,
      "z": -0.12518709911367232,
      "family": "Turkic"
    },
    {
      "label": "afr_Latn",
      "x": 0.2065030232659839,
      "y": 1.2625852932012172,
      "z": 0.4530455219024092,
      "family": "IE: Germanic"
    },
    {
      "label": "lit_Latn",
      "x": -0.05130783286776097,
      "y": -1.3943210995063033,
      "z": -1.2845139008341575,
      "family": "IE: Baltic"
    },
    {
      "label": "gle_Latn",
      "x": 0.2133390996709874,
      "y": 0.8800731988996988,
      "z": 0.9072971304350435,
      "family": "IE: Celtic"
    },
    {
      "label": "als_Latn",
      "x": 1.3717799711783694,
      "y": -0.22537985193283216,
      "z": -0.06374907641322669,
      "family": "IE: Albanian"
    }
  ],
  "embedding_points_centered": [
    {
      "label": "spa_Latn",
      "x": 0.058536778872371874,
      "y": 0.0055909067750471095,
      "z": 0.0839494094667545,
      "family": "IE: Romance"
    },
    {
      "label": "fra_Latn",
      "x": 0.07311894115290643,
      "y": -0.01100110394421299,
      "z": 0.058575341505277656,
      "family": "IE: Romance"
    },
    {
      "label": "deu_Latn",
      "x": 0.07520355196147174,
      "y": 0.03137195551772108,
      "z": 0.02873049545947362,
      "family": "IE: Germanic"
    },
    {
      "label": "rus_Cyrl",
      "x": 0.03976452058828348,
      "y": -0.03211723483339306,
      "z": 0.03301451333462986,
      "family": "IE: Slavic"
    },
    {
      "label": "pol_Latn",
      "x": 0.06530876454295317,
      "y": -0.08397340344868004,
      "z": 0.00971087616201656,
      "family": "IE: Slavic"
    },
    {
      "label": "hin_Deva",
      "x": -0.09460526490067098,
      "y": -0.009859476144875786,
      "z": 0.03053235636965909,
      "family": "IE: Indo-Iranian"
    },
    {
      "label": "pes_Arab",
      "x": 0.057630829986667444,
      "y": -0.04593388276806704,
      "z": -0.007673393740548665,
      "family": "IE: Indo-Iranian"
    },
    {
      "label": "ell_Grek",
      "x": 0.026798746330804084,
      "y": -0.01769956851424825,
      "z": 0.07818648673007836,
      "family": "IE: Hellenic"
    },
    {
      "label": "zho_Hans",
      "x": -0.09372447495451983,
      "y": -0.02327119359964855,
      "z": -0.018306411904127982,
      "family": "Sino-Tibetan"
    },
    {
      "label": "jpn_Jpan",
      "x": -0.1907502091879423,
      "y": 0.022829031974068756,
      "z": 0.0427445574289612,
      "family": "Japonic & Koreanic"
    },
    {
      "label": "kor_Hang",
      "x": -0.11636628238979985,
      "y": -0.014151967141595223,
      "z": 0.027835334262006184,
      "family": "Japonic & Koreanic"
    },
    {
      "label": "arb_Arab",
      "x": 0.05427315409495063,
      "y": 0.005013358791620008,
      "z": 0.029184086755782226,
      "family": "Afro-Asiatic"
    },
    {
      "label": "heb_Hebr",
      "x": 0.03479282721098103,
      "y": 0.00048712592167696016,
      "z": 0.0771375692766273,
      "family": "Afro-Asiatic"
    },
    {
      "label": "tur_Latn",
      "x": -0.002816347617624254,
      "y": -0.07754292813231362,
      "z": 0.04325176873235356,
      "family": "Turkic"
    },
    {
      "label": "vie_Latn",
      "x": 0.08611061710005055,
      "y": -0.067895784640551,
      "z": -0.07785743395279351,
      "family": "Austroasiatic"
    },
    {
      "label": "tha_Thai",
      "x": -0.010725179213713857,
      "y": -0.07773099834374386,
      "z": -0.13525955748815333,
      "family": "Tai-Kadai"
    },
    {
      "label": "ind_Latn",
      "x": 0.0606533109035954,
      "y": 0.0031548883881569855,
      "z": -0.008058874926468632,
      "family": "Austronesian"
    },
    {
      "label": "tgl_Latn",
      "x": 0.0598339395282755,
      "y": 0.03350913231821425,
      "z": -0.0038644090967601824,
      "family": "Austronesian"
    },
    {
      "label": "swh_Latn",
      "x": 0.016302865027959093,
      "y": 0.1325553584451577,
      "z": -0.07618890768694403,
      "family": "Niger-Congo"
    },
    {
      "label": "yor_Latn",
      "x": 0.022797015206240494,
      "y": 0.1922661535300057,
      "z": -0.10083218756091093,
      "family": "Niger-Congo"
    },
    {
      "label": "fin_Latn",
      "x": 0.061486399866066486,
      "y": -0.04433521609472177,
      "z": -0.019862990480000953,
      "family": "Uralic"
    },
    {
      "label": "tam_Taml",
      "x": -0.17956944302549618,
      "y": -0.06567197554539009,
      "z": 0.029834306110502307,
      "family": "Dravidian"
    },
    {
      "label": "tel_Telu",
      "x": -0.09667916873680904,
      "y": -0.050983106221365246,
      "z": -0.05895542266438501,
      "family": "Dravidian"
    },
    {
      "label": "amh_Ethi",
      "x": -0.06602439966375649,
      "y": 0.11058974070507015,
      "z": -0.039071671395243666,
      "family": "Afro-Asiatic"
    },
    {
      "label": "kaz_Cyrl",
      "x": -0.07457562420611588,
      "y": 0.04070365613516746,
      "z": -0.012920755060548447,
      "family": "Turkic"
    },
    {
      "label": "afr_Latn",
      "x": 0.010218868802342955,
      "y": 0.10202319479570482,
      "z": 0.03458296541047537,
      "family": "IE: Germanic"
    },
    {
      "label": "lit_Latn",
      "x": 0.004919635466057018,
      "y": -0.11388973049243686,
      "z": -0.11483661373695067,
      "family": "IE: Baltic"
    },
    {
      "label": "gle_Latn",
      "x": 0.010443821354715638,
      "y": 0.07001296178887477,
      "z": 0.06817163699236517,
      "family": "IE: Celtic"
    },
    {
      "label": "als_Latn",
      "x": 0.107641805899756,
      "y": -0.014049895221242132,
      "z": -0.0017530743031243384,
      "family": "IE: Albanian"
    }
  ],
  "centered_method": "cosine_pca",
  "similarity_matrix": [
    [
      1.0,
      0.9894958170161251,
      0.9869827735979474,
      0.9812111769985647,
      0.9703808289238457,
      0.9733202733344717,
      0.9786721791674726,
      0.9919948467074584,
      0.9641654046984759,
      0.9521516295480742,
      0.9703967154105863,
      0.9807408232812421,
      0.9880970252520864,
      0.9711330459796517,
      0.9570926251338661,
      0.9562673016070921,
      0.980307610258724,
      0.9799807462881667,
      0.9661614618282938,
      0.9525167245435207,
      0.9708972695077502,
      0.9472368621706374,
      0.9627859916128994,
      0.9691310355791857,
      0.9658474167377599,
      0.9803824066476681,
      0.9519205237351311,
      0.9735728392868201,
      0.978595861958395
    ],
    [
      0.9894958170161251,
      0.9999999999999999,
      0.9885591742158628,
      0.9819919569674015,
      0.9758851772878349,
      0.9712492277760927,
      0.9782687138517512,
      0.9881265797381634,
      0.9671488893741845,
      0.949431504114431,
      0.9688526290050241,
      0.9786242006746667,
      0.9847297074888485,
      0.9701835830833937,
      0.9571861331676327,
      0.9562280270165205,
      0.9828215154365006,
      0.9828807176289259,
      0.964464816418231,
      0.9553120794921717,
      0.9736369293219741,
      0.9455323956925378,
      0.9604941979694063,
      0.9673541635170592,
      0.9644945568634226,
      0.9715305414518776,
      0.9559300082453194,
      0.965694354496993,
      0.9837525761799357
    ],
    [
      0.9869827735979474,
      0.9885591742158628,
      1.0,
      0.9816561134080247,
      0.9720863737560419,
      0.9713498994524986,
      0.980165875024434,
      0.986651131761893,
      0.9668567967809705,
      0.9494627017846629,
      0.9679314771535439,
      0.9809299426522168,
      0.9855645825983292,
      0.9682590534950234,
      0.9569863668738484,
      0.9598419962691095,
      0.9853058739571912,
      0.9875878228006721,
      0.9732093316978817,
      0.9655683289343042,
      0.9780544886118624,
      0.9446654208257157,
      0.9637296979907544,
      0.9731213442492036,
      0.9698735487342255,
      0.9815888194090483,
      0.9573392689793323,
      0.9719692442231375,
      0.9851306805298667
    ],
    [
      0.9812111769985647,
      0.9819919569674015,
      0.9816561134080247,
      0.9999999999999999,
      0.9800746171725888,
      0.9759501191912507,
      0.9792599153980295,
      0.9849382273764091,
      0.9736640332413493,
      0.9574789478322794,
      0.9756981048430536,
      0.9777241519607621,
      0.9842927882294947,
      0.972942835000537,
      0.9645416720697741,
      0.9596477081229189,
      0.9821501019884453,
      0.9787917498940488,
      0.9700473051022817,
      0.9517033756442361,
      0.9820521492948825,
      0.9494746688353324,
      0.9653293368850073,
      0.9668489141967946,
      0.9692145357370582,
      0.9723685256720497,
      0.9561170098950242,
      0.9643006936416875,
      0.9792481066599814
    ],
    [
      0.9703808289238457,
      0.9758851772878349,
      0.9720863737560419,
      0.9800746171725888,
      1.0,
      0.965909105658847,
      0.9722154152412443,
      0.9758348849718557,
      0.9629075731582847,
      0.9409582339585061,
      0.9621728547187157,
      0.9695385761069831,
      0.9733627267682059,
      0.9705536231614341,
      0.952585722745978,
      0.9578764901367148,
      0.970416740478332,
      0.9743210887641668,
      0.9559557244937401,
      0.9412487960803754,
      0.9784680734099559,
      0.9420064219602363,
      0.9604074487740294,
      0.954425552310467,
      0.958021435910886,
      0.9563837803939227,
      0.9585983214825002,
      0.9560821051840939,
      0.9800552224530226
    ],
    [
      0.9733202733344717,
      0.9712492277760927,
      0.9713498994524986,
      0.9759501191912507,
      0.965909105658847,
      1.0,
      0.9724243689161105,
      0.9809900600959822,
      0.9783932728354119,
      0.9757884776990463,
      0.9860961348865417,
      0.9727902519163976,
      0.979024424141888,
      0.9714620646971389,
      0.9507775170688969,
      0.9607469930729096,
      0.9725480647703008,
      0.9733182696866148,
      0.9682864923830949,
      0.9501560119006476,
      0.9679282144979651,
      0.9732964332624522,
      0.9811961516660892,
      0.97878451152261,
      0.979646928547325,
      0.9724657218003585,
      0.9521846857202032,
      0.9670897063225086,
      0.9666855390644676
    ],
    [
      0.9786721791674726,
      0.9782687138517512,
      0.980165875024434,
      0.9792599153980295,
      0.9722154152412443,
      0.9724243689161105,
      1.0,
      0.9807532660071734,
      0.9693066100827216,
      0.9464577513885855,
      0.9702234524709884,
      0.9818906918925486,
      0.9808217360572168,
      0.9755180961262317,
      0.9752125665833049,
      0.9696451882103841,
      0.9809466215935483,
      0.9783363962190785,
      0.9674899268503141,
      0.9512187941044528,
      0.9795460055600038,
      0.9520355231856708,
      0.9638560852171729,
      0.9656789850174903,
      0.9693919180697371,
      0.970127990332956,
      0.9546544921571875,
      0.9649314687132688,
      0.9808779052612517
    ],
    [
      0.9919948467074584,
      0.9881265797381634,
      0.986651131761893,
      0.9849382273764091,
      0.9758348849718557,
      0.9809900600959822,
      0.9807532660071734,
      0.9999999999999996,
      0.9707523230532001,
      0.9589026492776388,
      0.978945868091688,
      0.9831442902219142,
      0.9928303448934275,
      0.976228953062511,
      0.9565161826976593,
      0.9636794211587012,
      0.9799351460658313,
      0.9820308843348334,
      0.9672374642423276,
      0.9520189891423951,
      0.9797792345533052,
      0.9578237882678038,
      0.9717502475265161,
      0.9725763861807304,
      0.9706209566094036,
      0.9796478884556833,
      0.9568675391844935,
      0.9779452789883963,
      0.9803530014379748
    ],
    [
      0.9641654046984759,
      0.9671488893741845,
      0.9668567967809705,
      0.9736640332413493,
      0.9629075731582847,
      0.9783932728354119,
      0.9693066100827216,
      0.9707523230532001,
      1.0,
      0.9791799628997119,
      0.9837760343599058,
      0.96361129812555,
      0.968817426064372,
      0.9629060244149426,
      0.9551934407352006,
      0.9643181411827004,
      0.9708786734458872,
      0.9690509192152326,
      0.9597402080195213,
      0.9522867726806018,
      0.9656709599613714,
      0.9629568064859988,
      0.9677452357574724,
      0.9724794469488365,
      0.9706513068416895,
      0.9593914079694416,
      0.9475604832186659,
      0.9532436248217071,
      0.962602412519191
    ],
    [
      0.9521516295480742,
      0.949431504114431,
      0.9494627017846629,
      0.9574789478322794,
      0.9409582339585061,
      0.9757884776990463,
      0.9464577513885855,
      0.9589026492776388,
      0.9791799628997119,
      1.0,
      0.9823924591174628,
      0.9490900522374422,
      0.9590445479551996,
      0.9490914195113237,
      0.9224930949784391,
      0.9451110456914764,
      0.9489455721565176,
      0.9504575394016935,
      0.9479307503556978,
      0.93732523309591,
      0.9446494994697653,
      0.9603986189261318,
      0.9608630204545683,
      0.967273546761649,
      0.9663095471071916,
      0.9561326567237926,
      0.9296102946941551,
      0.9502935963257898,
      0.9403798496652339
    ],
    [
      0.9703967154105863,
      0.9688526290050241,
      0.9679314771535439,
      0.9756981048430536,
      0.9621728547187157,
      0.9860961348865417,
      0.9702234524709884,
      0.978945868091688,
      0.9837760343599058,
      0.9823924591174628,
      0.9999999999999999,
      0.9668489949378434,
      0.9766713067648477,
      0.9704466968955681,
      0.9485432055069288,
      0.9631155182440718,
      0.9698801380539845,
      0.9671012357819901,
      0.9643460950800123,
      0.9485137725555368,
      0.9667445903352326,
      0.9716394580674561,
      0.9753575287979724,
      0.9784478156548296,
      0.9769964207802735,
      0.970032756586542,
      0.950548394764605,
      0.9644049497580031,
      0.9622380833319206
    ],
    [
      0.9807408232812421,
      0.9786242006746667,
      0.9809299426522168,
      0.9777241519607621,
      0.9695385761069831,
      0.9727902519163976,
      0.9818906918925486,
      0.9831442902219142,
      0.96361129812555,
      0.9490900522374422,
      0.9668489949378434,
      1.0,
      0.9877956477802224,
      0.9713910460986458,
      0.9595040422812324,
      0.9637724413499794,
      0.9793372146256109,
      0.9805846920322258,
      0.9715024984715748,
      0.956524910996647,
      0.9745438215818782,
      0.9484763050450392,
      0.9655683799145633,
      0.968667815230052,
      0.9702304349977673,
      0.9725813410986643,
      0.95057566126736,
      0.9735358184652829,
      0.9794790391783379
    ],
    [
      0.9880970252520864,
      0.9847297074888485,
      0.9855645825983292,
      0.9842927882294947,
      0.9733627267682059,
      0.979024424141888,
      0.9808217360572168,
      0.9928303448934275,
      0.968817426064372,
      0.9590445479551996,
      0.9766713067648477,
      0.9877956477802224,
      0.9999999999999999,
      0.9730357689383046,
      0.9545495410886239,
      0.962237354530803,
      0.9808473527379262,
      0.9819663438285702,
      0.9692609143809946,
      0.9545552076787963,
      0.9781436027726106,
      0.9536708253057723,
      0.9679461376259786,
      0.970980418597681,
      0.9706086277199802,
      0.9790535909814391,
      0.9541479443251358,
      0.9805271782368532,
      0.9815822288876725
    ],
    [
      0.9711330459796517,
      0.9701835830833937,
      0.9682590534950234,
      0.972942835000537,
      0.9705536231614341,
      0.9714620646971389,
      0.9755180961262317,
      0.976228953062511,
      0.9629060244149426,
      0.9490914195113237,
      0.9704466968955681,
      0.9713910460986458,
      0.9730357689383046,
      1.0,
      0.9577010774679952,
      0.9554597918411094,
      0.9687586572123973,
      0.9690670643554801,
      0.9549761427526893,
      0.9377830186341078,
      0.9730691832809063,
      0.9597106664004553,
      0.9652678743668424,
      0.9566803458412466,
      0.9743398006026771,
      0.9602120118187096,
      0.947104385456085,
      0.9589477702433885,
      0.9697877242921649
    ],
    [
      0.9570926251338661,
      0.9571861331676327,
      0.9569863668738484,
      0.9645416720697741,
      0.952585722745978,
      0.9507775170688969,
      0.9752125665833049,
      0.9565161826976593,
      0.9551934407352006,
      0.9224930949784391,
      0.9485432055069288,
      0.9595040422812324,
      0.9545495410886239,
      0.9577010774679952,
      1.0,
      0.9557575326302511,
      0.9664448481467314,
      0.9551306354676551,
      0.9541044568117057,
      0.9351576093775793,
      0.9630616206345098,
      0.9283886036537706,
      0.9426603575239361,
      0.9451068887691101,
      0.9471486168364803,
      0.9454257922819506,
      0.9308891273631906,
      0.9370080418625559,
      0.9635213843793031
    ],
    [
      0.9562673016070921,
      0.9562280270165205,
      0.9598419962691095,
      0.9596477081229189,
      0.9578764901367148,
      0.9607469930729096,
      0.9696451882103841,
      0.9636794211587012,
      0.9643181411827004,
      0.9451110456914764,
      0.9631155182440718,
      0.9637724413499794,
      0.962237354530803,
      0.9554597918411094,
      0.9557575326302511,
      1.0,
      0.9632756629907789,
      0.9638399166716463,
      0.9567884107292753,
      0.9407382135135309,
      0.9671797759844243,
      0.9424143836618171,
      0.9731902689169859,
      0.9596766900964036,
      0.9555919296031509,
      0.954264331680672,
      0.9653429878685315,
      0.9510021649098069,
      0.9640266515131749
    ],
    [
      0.980307610258724,
      0.9828215154365006,
      0.9853058739571912,
      0.9821501019884453,
      0.970416740478332,
      0.9725480647703008,
      0.9809466215935483,
      0.9799351460658313,
      0.9708786734458872,
      0.9489455721565176,
      0.9698801380539845,
      0.9793372146256109,
      0.9808473527379262,
      0.9687586572123973,
      0.9664448481467314,
      0.9632756629907789,
      0.9999999999999999,
      0.9848544306748921,
      0.9722315170977501,
      0.9619504131842951,
      0.9740954950303607,
      0.9466896774959574,
      0.9641599636492904,
      0.9697359521014906,
      0.9687930979046683,
      0.9731503192889748,
      0.9559622283769146,
      0.9632294479189798,
      0.9807655116015241
    ],
    [
      0.9799807462881667,
      0.9828807176289259,
      0.9875878228006721,
      0.9787917498940488,
      0.9743210887641668,
      0.9733182696866148,
      0.9783363962190785,
      0.9820308843348334,
      0.9690509192152326,
      0.9504575394016935,
      0.9671012357819901,
      0.9805846920322258,
      0.9819663438285702,
      0.9690670643554801,
      0.9551306354676551,
      0.9638399166716463,
      0.9848544306748921,
      1.0,
      0.9759917723758125,
      0.9694055851027553,
      0.9777151205736219,
      0.9473926957363866,
      0.9676322909612254,
      0.9733789818626337,
      0.9701515130174826,
      0.9778888942124366,
      0.9573856511246298,
      0.9730915787765373,
      0.9864722859964044
    ],
    [
      0.9661614618282938,
      0.964464816418231,
      0.9732093316978817,
      0.9700473051022817,
      0.9559557244937401,
      0.9682864923830949,
      0.9674899268503141,
      0.9672374642423276,
      0.9597402080195213,
      0.9479307503556978,
      0.9643460950800123,
      0.9715024984715748,
      0.9692609143809946,
      0.9549761427526893,
      0.9541044568117057,
      0.9567884107292753,
      0.9722315170977501,
      0.9759917723758125,
      1.0,
      0.984191062221402,
      0.9693342585249919,
      0.940496312007161,
      0.9622948578063776,
      0.9833924441119462,
      0.9742746404041515,
      0.9804579510816951,
      0.9416771047721644,
      0.966174918767738,
      0.9688588269843116
    ],
    [
      0.9525167245435207,
      0.9553120794921717,
      0.9655683289343042,
      0.9517033756442361,
      0.9412487960803754,
      0.9501560119006476,
      0.9512187941044528,
      0.9520189891423951,
      0.9522867726806018,
      0.93732523309591,
      0.9485137725555368,
      0.956524910996647,
      0.9545552076787963,
      0.9377830186341078,
      0.9351576093775793,
      0.9407382135135309,
      0.9619504131842951,
      0.9694055851027553,
      0.984191062221402,
      1.0,
      0.9523495975142265,
      0.9236404505659285,
      0.9454027688035861,
      0.9760656202376153,
      0.9614770082189324,
      0.9648432010660097,
      0.9268872508847441,
      0.9533249595101799,
      0.95886020811116
    ],
    [
      0.9708972695077502,
      0.9736369293219741,
      0.9780544886118624,
      0.9820521492948825,
      0.9784680734099559,
      0.9679282144979651,
      0.9795460055600038,
      0.9797792345533052,
      0.9656709599613714,
      0.9446494994697653,
      0.9667445903352326,
      0.9745438215818782,
      0.9781436027726106,
      0.9730691832809063,
      0.9630616206345098,
      0.9671797759844243,
      0.9740954950303607,
      0.9777151205736219,
      0.9693342585249919,
      0.9523495975142265,
      1.0,
      0.9465531409774607,
      0.9637761566712564,
      0.9616256137264659,
      0.9654396081173598,
      0.9665380276871581,
      0.9542708082521401,
      0.9604155722825234,
      0.9807580786006492
    ],
    [
      0.9472368621706374,
      0.9455323956925378,
      0.9446654208257157,
      0.9494746688353324,
      0.9420064219602363,
      0.9732964332624522,
      0.9520355231856708,
      0.9578237882678038,
      0.9629568064859988,
      0.9603986189261318,
      0.9716394580674561,
      0.9484763050450392,
      0.9536708253057723,
      0.9597106664004553,
      0.9283886036537706,
      0.9424143836618171,
      0.9466896774959574,
      0.9473926957363866,
      0.940496312007161,
      0.9236404505659285,
      0.9465531409774607,
      1.0,
      0.9711387613027311,
      0.9548134636687323,
      0.9610102645427548,
      0.9458896158420252,
      0.9345469469675813,
      0.9443093607988604,
      0.9376709692874408
    ],
    [
      0.9627859916128994,
      0.9604941979694063,
      0.9637296979907544,
      0.9653293368850073,
      0.9604074487740294,
      0.9811961516660892,
      0.9638560852171729,
      0.9717502475265161,
      0.9677452357574724,
      0.9608630204545683,
      0.9753575287979724,
      0.9655683799145633,
      0.9679461376259786,
      0.9652678743668424,
      0.9426603575239361,
      0.9731902689169859,
      0.9641599636492904,
      0.9676322909612254,
      0.9622948578063776,
      0.9454027688035861,
      0.9637761566712564,
      0.9711387613027311,
      1.0,
      0.9698994620160548,
      0.9690324017690011,
      0.9642040420001771,
      0.9682169895231301,
      0.9597317078760756,
      0.960112065468828
    ],
    [
      0.9691310355791857,
      0.9673541635170592,
      0.9731213442492036,
      0.9668489141967946,
      0.954425552310467,
      0.97878451152261,
      0.9656789850174903,
      0.9725763861807304,
      0.9724794469488365,
      0.967273546761649,
      0.9784478156548296,
      0.968667815230052,
      0.970980418597681,
      0.9566803458412466,
      0.9451068887691101,
      0.9596766900964036,
      0.9697359521014906,
      0.9733789818626337,
      0.9833924441119462,
      0.9760656202376153,
      0.9616256137264659,
      0.9548134636687323,
      0.9698994620160548,
      0.9999999999999998,
      0.9777907633358511,
      0.979279712989189,
      0.9453304381457074,
      0.9667095249385045,
      0.9632880605032469
    ],
    [
      0.9658474167377599,
      0.9644945568634226,
      0.9698735487342255,
      0.9692145357370582,
      0.958021435910886,
      0.979646928547325,
      0.9693919180697371,
      0.9706209566094036,
      0.9706513068416895,
      0.9663095471071916,
      0.9769964207802735,
      0.9702304349977673,
      0.9706086277199802,
      0.9743398006026771,
      0.9471486168364803,
      0.9555919296031509,
      0.9687930979046683,
      0.9701515130174826,
      0.9742746404041515,
      0.9614770082189324,
      0.9654396081173598,
      0.9610102645427548,
      0.9690324017690011,
      0.9777907633358511,
      1.0,
      0.9693336588189174,
      0.9482149969010882,
      0.9628497135830363,
      0.9612919168280923
    ],
    [
      0.9803824066476681,
      0.9715305414518776,
      0.9815888194090483,
      0.9723685256720497,
      0.9563837803939227,
      0.9724657218003585,
      0.970127990332956,
      0.9796478884556833,
      0.9593914079694416,
      0.9561326567237926,
      0.970032756586542,
      0.9725813410986643,
      0.9790535909814391,
      0.9602120118187096,
      0.9454257922819506,
      0.954264331680672,
      0.9731503192889748,
      0.9778888942124366,
      0.9804579510816951,
      0.9648432010660097,
      0.9665380276871581,
      0.9458896158420252,
      0.9642040420001771,
      0.979279712989189,
      0.9693336588189174,
      0.9999999999999998,
      0.9439097688528066,
      0.9813255757408484,
      0.9703353187411703
    ],
    [
      0.9519205237351311,
      0.9559300082453194,
      0.9573392689793323,
      0.9561170098950242,
      0.9585983214825002,
      0.9521846857202032,
      0.9546544921571875,
      0.9568675391844935,
      0.9475604832186659,
      0.9296102946941551,
      0.950548394764605,
      0.95057566126736,
      0.9541479443251358,
      0.947104385456085,
      0.9308891273631906,
      0.9653429878685315,
      0.9559622283769146,
      0.9573856511246298,
      0.9416771047721644,
      0.9268872508847441,
      0.9542708082521401,
      0.9345469469675813,
      0.9682169895231301,
      0.9453304381457074,
      0.9482149969010882,
      0.9439097688528066,
      0.9999999999999999,
      0.9422078842965365,
      0.9562961638256608
    ],
    [
      0.9735728392868201,
      0.965694354496993,
      0.9719692442231375,
      0.9643006936416875,
      0.9560821051840939,
      0.9670897063225086,
      0.9649314687132688,
      0.9779452789883963,
      0.9532436248217071,
      0.9502935963257898,
      0.9644049497580031,
      0.9735358184652829,
      0.9805271782368532,
      0.9589477702433885,
      0.9370080418625559,
      0.9510021649098069,
      0.9632294479189798,
      0.9730915787765373,
      0.966174918767738,
      0.9533249595101799,
      0.9604155722825234,
      0.9443093607988604,
      0.9597317078760756,
      0.9667095249385045,
      0.9628497135830363,
      0.9813255757408484,
      0.9422078842965365,
      1.0,
      0.9679172098262571
    ],
    [
      0.978595861958395,
      0.9837525761799357,
      0.9851306805298667,
      0.9792481066599814,
      0.9800552224530226,
      0.9666855390644676,
      0.9808779052612517,
      0.9803530014379748,
      0.962602412519191,
      0.9403798496652339,
      0.9622380833319206,
      0.9794790391783379,
      0.9815822288876725,
      0.9697877242921649,
      0.9635213843793031,
      0.9640266515131749,
      0.9807655116015241,
      0.9864722859964044,
      0.9688588269843116,
      0.95886020811116,
      0.9807580786006492,
      0.9376709692874408,
      0.960112065468828,
      0.9632880605032469,
      0.9612919168280923,
      0.9703353187411703,
      0.9562961638256608,
      0.9679172098262571,
      0.9999999999999999
    ]
  ],
  "similarity_matrix_corrected": [
    [
      1.0,
      0.2602379640890646,
      0.06890664189704504,
      -0.13017001395329228,
      -0.25382863989455745,
      -0.08985969661399378,
      -0.05162229753520976,
      0.2810947695957908,
      -0.03234891377497268,
      -0.006271625482725163,
      -0.02648548013739024,
      -0.12823804923746848,
      -0.08862069995510925,
      -0.14776068952194155,
      0.09307023239525644,
      0.16324021945741768,
      0.002928970165162579,
      -0.19561163890945626,
      -0.06882171171874354,
      -0.011540168889514504,
      -0.33482019593403844,
      -0.06235953291359898,
      0.0951719308637314,
      0.16222372135502267,
      -0.13272725604963972,
      0.12900093584107647,
      0.1967036685392609,
      -0.15368624934348898,
      -0.2763383350986605
    ],
    [
      0.2602379640890646,
      1.0,
      0.22587613371307314,
      -0.06560485036727952,
      -0.03656127313675799,
      -0.04750042622693745,
      -0.16903136679923433,
      0.0612940807516373,
      0.17773286914993683,
      0.11962509978469898,
      0.0549691976345073,
      -0.21551358910188664,
      -0.19858286508935022,
      -0.17263332137967333,
      -0.08668502359838018,
      -0.08590618549872922,
      0.10989422006733346,
      0.018796882364271874,
      -0.17480441813296144,
      0.25102895886879206,
      -0.2582492374659674,
      0.00024303934694887936,
      -0.05746795259388988,
      0.18319777286941508,
      -0.08582877056389747,
      -0.25512961098842746,
      0.1607180341907576,
      -0.3610368801828005,
      0.00455295975734818
    ],
    [
      0.06890664189704504,
      0.22587613371307314,
      0.9999999999999999,
      -0.08796413300884397,
      -0.16081040180348474,
      -0.08779923052542585,
      -0.0978425676920933,
      0.00273869842936199,
      0.08436355376608975,
      0.0463120226032743,
      -0.06627745480307373,
      -0.19270482617466222,
      -0.13148993062017275,
      -0.17411663444580808,
      -0.20006597803868253,
      -0.022488051781806326,
      0.10923665583743096,
      0.10048613093300027,
      -0.32094483617479336,
      0.00011183686399194832,
      -0.07027260386106794,
      0.055183891100909335,
      0.07844376640577128,
      0.02684354100866061,
      -0.005642960443543305,
      0.04391372881766361,
      0.23231364365234417,
      -0.22659825103963052,
      -0.027214570366192646
    ],
    [
      -0.13017001395329228,
      -0.06560485036727952,
      -0.08796413300884397,
      1.0,
      0.14670122770454005,
      0.010136635558677146,
      -0.14004818549032455,
      -0.10545987711788304,
      0.1980589119882167,
      0.20901791478431736,
      0.17001469223390256,
      -0.16657189201145725,
      -0.053660639245052724,
      -0.12977864097539107,
      0.0898893701127394,
      -0.2515384267231068,
      0.09065849817494463,
      -0.14123292210211347,
      0.2622293413015398,
      0.020307758846762794,
      0.1608484485436146,
      -0.1945672879888076,
      -0.1547269736720281,
      -0.036395010499324344,
      -0.001189555805513092,
      -0.054482620196877204,
      -0.09052953289956403,
      -0.27837234688798596,
      -0.1573090960363959
    ],
    [
      -0.25382863989455745,
      -0.03656127313675799,
      -0.16081040180348474,
      0.14670122770454005,
      0.9999999999999999,
      0.049477887472551864,
      -0.27439691256267107,
      -0.17055038043473214,
      0.07862755960756591,
      0.10932959548980536,
      -0.013315653738530863,
      -0.17583819050503485,
      -0.188435057439215,
      -0.014962489553448607,
      -0.29006378769529245,
      -0.2237863586980737,
      -0.18431180616928805,
      0.0686974307883406,
      0.12962026184263398,
      0.2824520590584212,
      0.12720472380005085,
      -0.06275238629719225,
      -0.03453504153356908,
      0.09612909460294003,
      0.03474949082818298,
      -0.15386798129738313,
      -0.013552729373046172,
      -0.05815356237506665,
      0.1405058766576417
    ],
    [
      -0.08985969661399378,
      -0.04750042622693745,
      -0.08779923052542585,
      0.010136635558677146,
      0.049477887472551864,
      0.9999999999999999,
      0.018835334755105453,
      -0.014977616039725004,
      -0.14688434094686578,
      -0.18345481594245874,
      -0.12819402746409547,
      0.012118668224094796,
      -0.016549499265756926,
      -0.11486046551073192,
      0.08215266602436859,
      -0.14842969718509805,
      0.06524216850202576,
