{
  "concept": "water",
  "context_template": "I drink {word}.",
  "labels": [
    "spa_Latn",
    "fra_Latn",
    "deu_Latn",
    "rus_Cyrl",
    "pol_Latn",
    "hin_Deva",
    "pes_Arab",
    "ell_Grek",
    "zho_Hans",
    "jpn_Jpan",
    "kor_Hang",
    "arb_Arab",
    "heb_Hebr",
    "tur_Latn",
    "vie_Latn",
    "tha_Thai",
    "ind_Latn",
    "tgl_Latn",
    "swh_Latn",
    "yor_Latn",
    "fin_Latn",
    "tam_Taml",
    "tel_Telu",
    "amh_Ethi",
    "kaz_Cyrl",
    "afr_Latn",
    "lit_Latn",
    "gle_Latn",
    "als_Latn"
  ],
  "language_ids": [
    "spa_Latn",
    "fra_Latn",
    "deu_Latn",
    "rus_Cyrl",
    "pol_Latn",
    "hin_Deva",
    "pes_Arab",
    "ell_Grek",
    "zho_Hans",
    "jpn_Jpan",
    "kor_Hang",
    "arb_Arab",
    "heb_Hebr",
    "tur_Latn",
    "vie_Latn",
    "tha_Thai",
    "ind_Latn",
    "tgl_Latn",
    "swh_Latn",
    "yor_Latn",
    "fin_Latn",
    "tam_Taml",
    "tel_Telu",
    "amh_Ethi",
    "kaz_Cyrl",
    "afr_Latn",
    "lit_Latn",
    "gle_Latn",
    "als_Latn"
  ],
  "translations": [
    {
      "lang": "spa_Latn",
      "word": "agua",
      "text": "agua"
    },
    {
      "lang": "fra_Latn",
      "word": "eau",
      "text": "eau"
    },
    {
      "lang": "deu_Latn",
      "word": "Wasser",
      "text": "Wasser"
    },
    {
      "lang": "rus_Cyrl",
      "word": "вода",
      "text": "вода"
    },
    {
      "lang": "pol_Latn",
      "word": "woda",
      "text": "woda"
    },
    {
      "lang": "hin_Deva",
      "word": "पानी",
      "text": "पानी"
    },
    {
      "lang": "pes_Arab",
      "word": "آب",
      "text": "آب"
    },
    {
      "lang": "ell_Grek",
      "word": "νερό",
      "text": "νερό"
    },
    {
      "lang": "zho_Hans",
      "word": "水",
      "text": "水"
    },
    {
      "lang": "jpn_Jpan",
      "word": "水",
      "text": "水"
    },
    {
      "lang": "kor_Hang",
      "word": "물",
      "text": "물"
    },
    {
      "lang": "arb_Arab",
      "word": "ماء",
      "text": "ماء"
    },
    {
      "lang": "heb_Hebr",
      "word": "מים",
      "text": "מים"
    },
    {
      "lang": "tur_Latn",
      "word": "su",
      "text": "su"
    },
    {
      "lang": "vie_Latn",
      "word": "nước",
      "text": "nước"
    },
    {
      "lang": "tha_Thai",
      "word": "น้ำ",
      "text": "น้ำ"
    },
    {
      "lang": "ind_Latn",
      "word": "air",
      "text": "air"
    },
    {
      "lang": "tgl_Latn",
      "word": "tubig",
      "text": "tubig"
    },
    {
      "lang": "swh_Latn",
      "word": "maji",
      "text": "maji"
    },
    {
      "lang": "yor_Latn",
      "word": "omi",
      "text": "omi"
    },
    {
      "lang": "fin_Latn",
      "word": "vesi",
      "text": "vesi"
    },
    {
      "lang": "tam_Taml",
      "word": "நீர்",
      "text": "நீர்"
    },
    {
      "lang": "tel_Telu",
      "word": "నీరు",
      "text": "నీరు"
    },
    {
      "lang": "amh_Ethi",
      "word": "ውሃ",
      "text": "ውሃ"
    },
    {
      "lang": "kaz_Cyrl",
      "word": "су",
      "text": "су"
    },
    {
      "lang": "afr_Latn",
      "word": "water",
      "text": "water"
    },
    {
      "lang": "lit_Latn",
      "word": "vanduo",
      "text": "vanduo"
    },
    {
      "lang": "gle_Latn",
      "word": "uisce",
      "text": "uisce"
    },
    {
      "lang": "als_Latn",
      "word": "ujë",
      "text": "ujë"
    }
  ],
  "embedding_points": [
    {
      "label": "spa_Latn",
      "x": 0.7276742762083606,
      "y": 0.035568424218160755,
      "z": 1.0015206173913922,
      "family": "IE: Romance"
    },
    {
      "label": "fra_Latn",
      "x": 0.9114887827134095,
      "y": -0.17817473319638355,
      "z": 0.6795226364128919,
      "family": "IE: Romance"
    },
    {
      "label": "deu_Latn",
      "x": 0.984082774959731,
      "y": 0.35489852855669346,
      "z": 0.33255772877820977,
      "family": "IE: Germanic"
    },
    {
      "label": "rus_Cyrl",
      "x": 0.48311914874545137,
      "y": -0.418257835921083,
      "z": 0.3660731158425652,
      "family": "IE: Slavic"
    },
    {
      "label": "pol_Latn",
      "x": 0.8212711463534426,
      "y": -1.0779163952232562,
      "z": 0.10946110571756873,
      "family": "IE: Slavic"
    },
    {
      "label": "hin_Deva",
      "x": -1.141556477499059,
      "y": -0.07372357956313458,
      "z": 0.4008127931169825,
      "family": "IE: Indo-Iranian"
    },
    {
      "label": "pes_Arab",
      "x": 0.6397110129739141,
      "y": -0.5877102464637184,
      "z": -0.14612572931430734,
      "family": "IE: Indo-Iranian"
    },
    {
      "label": "ell_Grek",
      "x": 0.34344699419228775,
      "y": -0.2261216333812004,
      "z": 0.9490555489649042,
      "family": "IE: Hellenic"
    },
    {
      "label": "zho_Hans",
      "x": -1.20098877039467,
      "y": -0.2653731625735205,
      "z": -0.23200492040097564,
      "family": "Sino-Tibetan"
    },
    {
      "label": "jpn_Jpan",
      "x": -2.280837151608232,
      "y": 0.3318822389671483,
      "z": 0.5674300345547774,
      "family": "Japonic & Koreanic"
    },
    {
      "label": "kor_Hang",
      "x": -1.438984266380669,
      "y": -0.1401986474463961,
      "z": 0.3331001512468519,
      "family": "Japonic & Koreanic"
    },
    {
      "label": "arb_Arab",
      "x": 0.7028183463925175,
      "y": 0.04664397712537305,
      "z": 0.3482794526751145,
      "family": "Afro-Asiatic"
    },
    {
      "label": "heb_Hebr",
      "x": 0.4957573935271342,
      "y": 0.0017223012487328493,
      "z": 0.9606171436603483,
      "family": "Afro-Asiatic"
    },
    {
      "label": "tur_Latn",
      "x": -0.11858461018991306,
      "y": -0.92282668331697,
      "z": 0.48374257342213123,
      "family": "Turkic"
    },
    {
      "label": "vie_Latn",
      "x": 0.7856509288712852,
      "y": -0.8886062303056697,
      "z": -1.0622555525291644,
      "family": "Austroasiatic"
    },
    {
      "label": "tha_Thai",
      "x": -0.22676854217420894,
      "y": -0.9482163167825277,
      "z": -1.5942462315970634,
      "family": "Tai-Kadai"
    },
    {
      "label": "ind_Latn",
      "x": 0.7301927917934541,
      "y": 0.003944621858599007,
      "z": -0.14848488079766242,
      "family": "Austronesian"
    },
    {
      "label": "tgl_Latn",
      "x": 0.8354747739730586,
      "y": 0.40665422863220235,
      "z": -0.053073603453481555,
      "family": "Austronesian"
    },
    {
      "label": "swh_Latn",
      "x": 0.2194198586206637,
      "y": 1.6077088602247707,
      "z": -0.959692050128085,
      "family": "Niger-Congo"
    },
    {
      "label": "yor_Latn",
      "x": 0.3111230196564061,
      "y": 2.336440644052626,
      "z": -1.2833164320492383,
      "family": "Niger-Congo"
    },
    {
      "label": "fin_Latn",
      "x": 0.7228171058291828,
      "y": -0.575728343004112,
      "z": -0.286372308568742,
      "family": "Uralic"
    },
    {
      "label": "tam_Taml",
      "x": -2.203400838562678,
      "y": -0.6808530837172035,
      "z": 0.40524327516752257,
      "family": "Dravidian"
    },
    {
      "label": "tel_Telu",
      "x": -1.175770250884955,
      "y": -0.5506739771668914,
      "z": -0.6065684969785899,
      "family": "Dravidian"
    },
    {
      "label": "amh_Ethi",
      "x": -0.7972671851470357,
      "y": 1.3243560207836307,
      "z": -0.4528320806738495,
      "family": "Afro-Asiatic"
    },
    {
      "label": "kaz_Cyrl",
      "x": -0.8702251948881803,
      "y": 0.5612515661541215,
      "z": -0.12507996257530862,
      "family": "Turkic"
    },
    {
      "label": "afr_Latn",
      "x": 0.2065214826389452,
      "y": 1.262756597290276,
      "z": 0.4536735435340826,
      "family": "IE: Germanic"
    },
    {
      "label": "lit_Latn",
      "x": -0.05130314370845346,
      "y": -1.3942794953515536,
      "z": -1.2849746954553132,
      "family": "IE: Baltic"
    },
    {
      "label": "gle_Latn",
      "x": 0.21334746885702272,
      "y": 0.8800916542303281,
      "z": 0.9069652796231418,
      "family": "IE: Celtic"
    },
    {
      "label": "als_Latn",
      "x": 1.3717691251317459,
      "y": -0.22525929992901528,
      "z": -0.0630280555867152,
      "family": "IE: Albanian"
    }
  ],
  "similarity_matrix": [
    [
      1.0,
      0.9894958170161251,
      0.9869827735979474,
      0.9812111769985647,
      0.9703808289238457,
      0.9733202733344717,
      0.9786721791674726,
      0.9919948467074584,
      0.9641654046984759,
      0.9521516295480742,
      0.9703967154105863,
      0.9807408232812421,
      0.9880970252520864,
      0.9711330459796517,
      0.9570926251338661,
      0.9562673016070921,
      0.980307610258724,
      0.9799807462881667,
      0.9661614618282938,
      0.9525167245435207,
      0.9708972695077502,
      0.9472368621706374,
      0.9627859916128994,
      0.9691310355791857,
      0.9658474167377599,
      0.9803824066476681,
      0.9519205237351311,
      0.9735728392868201,
      0.978595861958395
    ],
    [
      0.9894958170161251,
      0.9999999999999999,
      0.9885591742158628,
      0.9819919569674015,
      0.9758851772878349,
      0.9712492277760927,
      0.9782687138517512,
      0.9881265797381634,
      0.9671488893741845,
      0.949431504114431,
      0.9688526290050241,
      0.9786242006746667,
      0.9847297074888485,
      0.9701835830833937,
      0.9571861331676327,
      0.9562280270165205,
      0.9828215154365006,
      0.9828807176289259,
      0.964464816418231,
      0.9553120794921717,
      0.9736369293219741,
      0.9455323956925378,
      0.9604941979694063,
      0.9673541635170592,
      0.9644945568634226,
      0.9715305414518776,
      0.9559300082453194,
      0.965694354496993,
      0.9837525761799357
    ],
    [
      0.9869827735979474,
      0.9885591742158628,
      1.0,
      0.9816561134080247,
      0.9720863737560419,
      0.9713498994524986,
      0.980165875024434,
      0.986651131761893,
      0.9668567967809705,
      0.9494627017846629,
      0.9679314771535439,
      0.9809299426522168,
      0.9855645825983292,
      0.9682590534950234,
      0.9569863668738484,
      0.9598419962691095,
      0.9853058739571912,
      0.9875878228006721,
      0.9732093316978817,
      0.9655683289343042,
      0.9780544886118624,
      0.9446654208257157,
      0.9637296979907544,
      0.9731213442492036,
      0.9698735487342255,
      0.9815888194090483,
      0.9573392689793323,
      0.9719692442231375,
      0.9851306805298667
    ],
    [
      0.9812111769985647,
      0.9819919569674015,
      0.9816561134080247,
      0.9999999999999999,
      0.9800746171725888,
      0.9759501191912507,
      0.9792599153980295,
      0.9849382273764091,
      0.9736640332413493,
      0.9574789478322794,
      0.9756981048430536,
      0.9777241519607621,
      0.9842927882294947,
      0.972942835000537,
      0.9645416720697741,
      0.9596477081229189,
      0.9821501019884453,
      0.9787917498940488,
      0.9700473051022817,
      0.9517033756442361,
      0.9820521492948825,
      0.9494746688353324,
      0.9653293368850073,
      0.9668489141967946,
      0.9692145357370582,
      0.9723685256720497,
      0.9561170098950242,
      0.9643006936416875,
      0.9792481066599814
    ],
    [
      0.9703808289238457,
      0.9758851772878349,
      0.9720863737560419,
      0.9800746171725888,
      1.0,
      0.965909105658847,
      0.9722154152412443,
      0.9758348849718557,
      0.9629075731582847,
      0.9409582339585061,
      0.9621728547187157,
      0.9695385761069831,
      0.9733627267682059,
      0.9705536231614341,
      0.952585722745978,
      0.9578764901367148,
      0.970416740478332,
      0.9743210887641668,
      0.9559557244937401,
      0.9412487960803754,
      0.9784680734099559,
      0.9420064219602363,
      0.9604074487740294,
      0.954425552310467,
      0.958021435910886,
      0.9563837803939227,
      0.9585983214825002,
      0.9560821051840939,
      0.9800552224530226
    ],
    [
      0.9733202733344717,
      0.9712492277760927,
      0.9713498994524986,
      0.9759501191912507,
      0.965909105658847,
      1.0,
      0.9724243689161105,
      0.9809900600959822,
      0.9783932728354119,
      0.9757884776990463,
      0.9860961348865417,
      0.9727902519163976,
      0.979024424141888,
      0.9714620646971389,
      0.9507775170688969,
      0.9607469930729096,
      0.9725480647703008,
      0.9733182696866148,
      0.9682864923830949,
      0.9501560119006476,
      0.9679282144979651,
      0.9732964332624522,
      0.9811961516660892,
      0.97878451152261,
      0.979646928547325,
      0.9724657218003585,
      0.9521846857202032,
      0.9670897063225086,
      0.9666855390644676
    ],
    [
      0.9786721791674726,
      0.9782687138517512,
      0.980165875024434,
      0.9792599153980295,
      0.9722154152412443,
      0.9724243689161105,
      1.0,
      0.9807532660071734,
      0.9693066100827216,
      0.9464577513885855,
      0.9702234524709884,
      0.9818906918925486,
      0.9808217360572168,
      0.9755180961262317,
      0.9752125665833049,
      0.9696451882103841,
      0.9809466215935483,
      0.9783363962190785,
      0.9674899268503141,
      0.9512187941044528,
      0.9795460055600038,
      0.9520355231856708,
      0.9638560852171729,
      0.9656789850174903,
      0.9693919180697371,
      0.970127990332956,
      0.9546544921571875,
      0.9649314687132688,
      0.9808779052612517
    ],
    [
      0.9919948467074584,
      0.9881265797381634,
      0.986651131761893,
      0.9849382273764091,
      0.9758348849718557,
      0.9809900600959822,
      0.9807532660071734,
      0.9999999999999996,
      0.9707523230532001,
      0.9589026492776388,
      0.978945868091688,
      0.9831442902219142,
      0.9928303448934275,
      0.976228953062511,
      0.9565161826976593,
      0.9636794211587012,
      0.9799351460658313,
      0.9820308843348334,
      0.9672374642423276,
      0.9520189891423951,
      0.9797792345533052,
      0.9578237882678038,
      0.9717502475265161,
      0.9725763861807304,
      0.9706209566094036,
      0.9796478884556833,
      0.9568675391844935,
      0.9779452789883963,
      0.9803530014379748
    ],
    [
      0.9641654046984759,
      0.9671488893741845,
      0.9668567967809705,
      0.9736640332413493,
      0.9629075731582847,
      0.9783932728354119,
      0.9693066100827216,
      0.9707523230532001,
      1.0,
      0.9791799628997119,
      0.9837760343599058,
      0.96361129812555,
      0.968817426064372,
      0.9629060244149426,
      0.9551934407352006,
      0.9643181411827004,
      0.9708786734458872,
      0.9690509192152326,
      0.9597402080195213,
      0.9522867726806018,
      0.9656709599613714,
      0.9629568064859988,
      0.9677452357574724,
      0.9724794469488365,
      0.9706513068416895,
      0.9593914079694416,
      0.9475604832186659,
      0.9532436248217071,
      0.962602412519191
    ],
    [
      0.9521516295480742,
      0.949431504114431,
      0.9494627017846629,
      0.9574789478322794,
      0.9409582339585061,
      0.9757884776990463,
      0.9464577513885855,
      0.9589026492776388,
      0.9791799628997119,
      1.0,
      0.9823924591174628,
      0.9490900522374422,
      0.9590445479551996,
      0.9490914195113237,
      0.9224930949784391,
      0.9451110456914764,
      0.9489455721565176,
      0.9504575394016935,
      0.9479307503556978,
      0.93732523309591,
      0.9446494994697653,
      0.9603986189261318,
      0.9608630204545683,
      0.967273546761649,
      0.9663095471071916,
      0.9561326567237926,
      0.9296102946941551,
      0.9502935963257898,
      0.9403798496652339
    ],
    [
      0.9703967154105863,
      0.9688526290050241,
      0.9679314771535439,
      0.9756981048430536,
      0.9621728547187157,
      0.9860961348865417,
      0.9702234524709884,
      0.978945868091688,
      0.9837760343599058,
      0.9823924591174628,
      0.9999999999999999,
      0.9668489949378434,
      0.9766713067648477,
      0.9704466968955681,
      0.9485432055069288,
      0.9631155182440718,
      0.9698801380539845,
      0.9671012357819901,
      0.9643460950800123,
      0.9485137725555368,
      0.9667445903352326,
      0.9716394580674561,
      0.9753575287979724,
      0.9784478156548296,
      0.9769964207802735,
      0.970032756586542,
      0.950548394764605,
      0.9644049497580031,
      0.9622380833319206
    ],
    [
      0.9807408232812421,
      0.9786242006746667,
      0.9809299426522168,
      0.9777241519607621,
      0.9695385761069831,
      0.9727902519163976,
      0.9818906918925486,
      0.9831442902219142,
      0.96361129812555,
      0.9490900522374422,
      0.9668489949378434,
      1.0,
      0.9877956477802224,
      0.9713910460986458,
      0.9595040422812324,
      0.9637724413499794,
      0.9793372146256109,
      0.9805846920322258,
      0.9715024984715748,
      0.956524910996647,
      0.9745438215818782,
      0.9484763050450392,
      0.9655683799145633,
      0.968667815230052,
      0.9702304349977673,
      0.9725813410986643,
      0.95057566126736,
      0.9735358184652829,
      0.9794790391783379
    ],
    [
      0.9880970252520864,
      0.9847297074888485,
      0.9855645825983292,
      0.9842927882294947,
      0.9733627267682059,
      0.979024424141888,
      0.9808217360572168,
      0.9928303448934275,
      0.968817426064372,
      0.9590445479551996,
      0.9766713067648477,
      0.9877956477802224,
      0.9999999999999999,
      0.9730357689383046,
      0.9545495410886239,
      0.962237354530803,
      0.9808473527379262,
      0.9819663438285702,
      0.9692609143809946,
      0.9545552076787963,
      0.9781436027726106,
      0.9536708253057723,
      0.9679461376259786,
      0.970980418597681,
      0.9706086277199802,
      0.9790535909814391,
      0.9541479443251358,
      0.9805271782368532,
      0.9815822288876725
    ],
    [
      0.9711330459796517,
      0.9701835830833937,
      0.9682590534950234,
      0.972942835000537,
      0.9705536231614341,
      0.9714620646971389,
      0.9755180961262317,
      0.976228953062511,
      0.9629060244149426,
      0.9490914195113237,
      0.9704466968955681,
      0.9713910460986458,
      0.9730357689383046,
      1.0,
      0.9577010774679952,
      0.9554597918411094,
      0.9687586572123973,
      0.9690670643554801,
      0.9549761427526893,
      0.9377830186341078,
      0.9730691832809063,
      0.9597106664004553,
      0.9652678743668424,
      0.9566803458412466,
      0.9743398006026771,
      0.9602120118187096,
      0.947104385456085,
      0.9589477702433885,
      0.9697877242921649
    ],
    [
      0.9570926251338661,
      0.9571861331676327,
      0.9569863668738484,
      0.9645416720697741,
      0.952585722745978,
      0.9507775170688969,
      0.9752125665833049,
      0.9565161826976593,
      0.9551934407352006,
      0.9224930949784391,
      0.9485432055069288,
      0.9595040422812324,
      0.9545495410886239,
      0.9577010774679952,
      1.0,
      0.9557575326302511,
      0.9664448481467314,
      0.9551306354676551,
      0.9541044568117057,
      0.9351576093775793,
      0.9630616206345098,
      0.9283886036537706,
      0.9426603575239361,
      0.9451068887691101,
      0.9471486168364803,
      0.9454257922819506,
      0.9308891273631906,
      0.9370080418625559,
      0.9635213843793031
    ],
    [
      0.9562673016070921,
      0.9562280270165205,
      0.9598419962691095,
      0.9596477081229189,
      0.9578764901367148,
      0.9607469930729096,
      0.9696451882103841,
      0.9636794211587012,
      0.9643181411827004,
      0.9451110456914764,
      0.9631155182440718,
      0.9637724413499794,
      0.962237354530803,
      0.9554597918411094,
      0.9557575326302511,
      1.0,
      0.9632756629907789,
      0.9638399166716463,
      0.9567884107292753,
      0.9407382135135309,
      0.9671797759844243,
      0.9424143836618171,
      0.9731902689169859,
      0.9596766900964036,
      0.9555919296031509,
      0.954264331680672,
      0.9653429878685315,
      0.9510021649098069,
      0.9640266515131749
    ],
    [
      0.980307610258724,
      0.9828215154365006,
      0.9853058739571912,
      0.9821501019884453,
      0.970416740478332,
      0.9725480647703008,
      0.9809466215935483,
      0.9799351460658313,
      0.9708786734458872,
      0.9489455721565176,
      0.9698801380539845,
      0.9793372146256109,
      0.9808473527379262,
      0.9687586572123973,
      0.9664448481467314,
      0.9632756629907789,
      0.9999999999999999,
      0.9848544306748921,
      0.9722315170977501,
      0.9619504131842951,
      0.9740954950303607,
      0.9466896774959574,
      0.9641599636492904,
      0.9697359521014906,
      0.9687930979046683,
      0.9731503192889748,
      0.9559622283769146,
      0.9632294479189798,
      0.9807655116015241
    ],
    [
      0.9799807462881667,
      0.9828807176289259,
      0.9875878228006721,
      0.9787917498940488,
      0.9743210887641668,
      0.9733182696866148,
      0.9783363962190785,
      0.9820308843348334,
      0.9690509192152326,
      0.9504575394016935,
      0.9671012357819901,
      0.9805846920322258,
      0.9819663438285702,
      0.9690670643554801,
      0.9551306354676551,
      0.9638399166716463,
      0.9848544306748921,
      1.0,
      0.9759917723758125,
      0.9694055851027553,
      0.9777151205736219,
      0.9473926957363866,
      0.9676322909612254,
      0.9733789818626337,
      0.9701515130174826,
      0.9778888942124366,
      0.9573856511246298,
      0.9730915787765373,
      0.9864722859964044
    ],
    [
      0.9661614618282938,
      0.964464816418231,
      0.9732093316978817,
      0.9700473051022817,
      0.9559557244937401,
      0.9682864923830949,
      0.9674899268503141,
      0.9672374642423276,
      0.9597402080195213,
      0.9479307503556978,
      0.9643460950800123,
      0.9715024984715748,
      0.9692609143809946,
      0.9549761427526893,
      0.9541044568117057,
      0.9567884107292753,
      0.9722315170977501,
      0.9759917723758125,
      1.0,
      0.984191062221402,
      0.9693342585249919,
      0.940496312007161,
      0.9622948578063776,
      0.9833924441119462,
      0.9742746404041515,
      0.9804579510816951,
      0.9416771047721644,
      0.966174918767738,
      0.9688588269843116
    ],
    [
      0.9525167245435207,
      0.9553120794921717,
      0.9655683289343042,
      0.9517033756442361,
      0.9412487960803754,
      0.9501560119006476,
      0.9512187941044528,
      0.9520189891423951,
      0.9522867726806018,
      0.93732523309591,
      0.9485137725555368,
      0.956524910996647,
      0.9545552076787963,
      0.9377830186341078,
      0.9351576093775793,
      0.9407382135135309,
      0.9619504131842951,
      0.9694055851027553,
      0.984191062221402,
      1.0,
      0.9523495975142265,
      0.9236404505659285,
      0.9454027688035861,
      0.9760656202376153,
      0.9614770082189324,
      0.9648432010660097,
      0.9268872508847441,
      0.9533249595101799,
      0.95886020811116
    ],
    [
      0.9708972695077502,
      0.9736369293219741,
      0.9780544886118624,
      0.9820521492948825,
      0.9784680734099559,
      0.9679282144979651,
      0.9795460055600038,
      0.9797792345533052,
      0.9656709599613714,
      0.9446494994697653,
      0.9667445903352326,
      0.9745438215818782,
      0.9781436027726106,
      0.9730691832809063,
      0.9630616206345098,
      0.9671797759844243,
      0.9740954950303607,
      0.9777151205736219,
      0.9693342585249919,
      0.9523495975142265,
      1.0,
      0.9465531409774607,
      0.9637761566712564,
      0.9616256137264659,
      0.9654396081173598,
      0.9665380276871581,
      0.9542708082521401,
      0.9604155722825234,
      0.9807580786006492
    ],
    [
      0.9472368621706374,
      0.9455323956925378,
      0.9446654208257157,
      0.9494746688353324,
      0.9420064219602363,
      0.9732964332624522,
      0.9520355231856708,
      0.9578237882678038,
      0.9629568064859988,
      0.9603986189261318,
      0.9716394580674561,
      0.9484763050450392,
      0.9536708253057723,
      0.9597106664004553,
      0.9283886036537706,
      0.9424143836618171,
      0.9466896774959574,
      0.9473926957363866,
      0.940496312007161,
      0.9236404505659285,
      0.9465531409774607,
      1.0,
      0.9711387613027311,
      0.9548134636687323,
      0.9610102645427548,
      0.9458896158420252,
      0.9345469469675813,
      0.9443093607988604,
      0.9376709692874408
    ],
    [
      0.9627859916128994,
      0.9604941979694063,
      0.9637296979907544,
      0.9653293368850073,
      0.9604074487740294,
      0.9811961516660892,
      0.9638560852171729,
      0.9717502475265161,
      0.9677452357574724,
      0.9608630204545683,
      0.9753575287979724,
      0.9655683799145633,
      0.9679461376259786,
      0.9652678743668424,
      0.9426603575239361,
      0.9731902689169859,
      0.9641599636492904,
      0.9676322909612254,
      0.9622948578063776,
      0.9454027688035861,
      0.9637761566712564,
      0.9711387613027311,
      1.0,
      0.9698994620160548,
      0.9690324017690011,
      0.9642040420001771,
      0.9682169895231301,
      0.9597317078760756,
      0.960112065468828
    ],
    [
      0.9691310355791857,
      0.9673541635170592,
      0.9731213442492036,
      0.9668489141967946,
      0.954425552310467,
      0.97878451152261,
      0.9656789850174903,
      0.9725763861807304,
      0.9724794469488365,
      0.967273546761649,
      0.9784478156548296,
      0.968667815230052,
      0.970980418597681,
      0.9566803458412466,
      0.9451068887691101,
      0.9596766900964036,
      0.9697359521014906,
      0.9733789818626337,
      0.9833924441119462,
      0.9760656202376153,
      0.9616256137264659,
      0.9548134636687323,
      0.9698994620160548,
      0.9999999999999998,
      0.9777907633358511,
      0.979279712989189,
      0.9453304381457074,
      0.9667095249385045,
      0.9632880605032469
    ],
    [
      0.9658474167377599,
      0.9644945568634226,
      0.9698735487342255,
      0.9692145357370582,
      0.958021435910886,
      0.979646928547325,
      0.9693919180697371,
      0.9706209566094036,
      0.9706513068416895,
      0.9663095471071916,
      0.9769964207802735,
      0.9702304349977673,
      0.9706086277199802,
      0.9743398006026771,
      0.9471486168364803,
      0.9555919296031509,
      0.9687930979046683,
      0.9701515130174826,
      0.9742746404041515,
      0.9614770082189324,
      0.9654396081173598,
      0.9610102645427548,
      0.9690324017690011,
      0.9777907633358511,
      1.0,
      0.9693336588189174,
      0.9482149969010882,
      0.9628497135830363,
      0.9612919168280923
    ],
    [
      0.9803824066476681,
      0.9715305414518776,
      0.9815888194090483,
      0.9723685256720497,
      0.9563837803939227,
      0.9724657218003585,
      0.970127990332956,
      0.9796478884556833,
      0.9593914079694416,
      0.9561326567237926,
      0.970032756586542,
      0.9725813410986643,
      0.9790535909814391,
      0.9602120118187096,
      0.9454257922819506,
      0.954264331680672,
      0.9731503192889748,
      0.9778888942124366,
      0.9804579510816951,
      0.9648432010660097,
      0.9665380276871581,
      0.9458896158420252,
      0.9642040420001771,
      0.979279712989189,
      0.9693336588189174,
      0.9999999999999998,
      0.9439097688528066,
      0.9813255757408484,
      0.9703353187411703
    ],
    [
      0.9519205237351311,
      0.9559300082453194,
      0.9573392689793323,
      0.9561170098950242,
      0.9585983214825002,
      0.9521846857202032,
      0.9546544921571875,
      0.9568675391844935,
      0.9475604832186659,
      0.9296102946941551,
      0.950548394764605,
      0.95057566126736,
      0.9541479443251358,
      0.947104385456085,
      0.9308891273631906,
      0.9653429878685315,
      0.9559622283769146,
      0.9573856511246298,
      0.9416771047721644,
      0.9268872508847441,
      0.9542708082521401,
      0.9345469469675813,
      0.9682169895231301,
      0.9453304381457074,
      0.9482149969010882,
      0.9439097688528066,
      0.9999999999999999,
      0.9422078842965365,
      0.9562961638256608
    ],
    [
      0.9735728392868201,
      0.965694354496993,
      0.9719692442231375,
      0.9643006936416875,
      0.9560821051840939,
      0.9670897063225086,
      0.9649314687132688,
      0.9779452789883963,
      0.9532436248217071,
      0.9502935963257898,
      0.9644049497580031,
      0.9735358184652829,
      0.9805271782368532,
      0.9589477702433885,
      0.9370080418625559,
      0.9510021649098069,
      0.9632294479189798,
      0.9730915787765373,
      0.966174918767738,
      0.9533249595101799,
      0.9604155722825234,
      0.9443093607988604,
      0.9597317078760756,
      0.9667095249385045,
      0.9628497135830363,
      0.9813255757408484,
      0.9422078842965365,
      1.0,
      0.9679172098262571
    ],
    [
      0.978595861958395,
      0.9837525761799357,
      0.9851306805298667,
      0.9792481066599814,
      0.9800552224530226,
      0.9666855390644676,
      0.9808779052612517,
      0.9803530014379748,
      0.962602412519191,
      0.9403798496652339,
      0.9622380833319206,
      0.9794790391783379,
      0.9815822288876725,
      0.9697877242921649,
      0.9635213843793031,
      0.9640266515131749,
      0.9807655116015241,
      0.9864722859964044,
      0.9688588269843116,
      0.95886020811116,
      0.9807580786006492,
      0.9376709692874408,
      0.960112065468828,
      0.9632880605032469,
      0.9612919168280923,
      0.9703353187411703,
      0.9562961638256608,
      0.9679172098262571,
      0.9999999999999999
    ]
  ]
}